1 10
100 200
201 210
900 1000
1 1000000
1 2
999999 1000000
10 1
460 3520
160134 194448
446 753788
959 830768
93201 857263
860897 876
670398 5861
966861 87792
907 213282
7730 54874
24804 449725
929039 220
201444 18443
947222 62501
37 728673
2858 41788
81268 392779
660786 132
743014 78672
501294 906645
613 275277
7842 241660
25974 138222
168740 926
936375 73383
776849 249543
569 515086
7630 42224
13936 429816
464901 895
512429 88142
274317 80990
752 479011
7262 957810
61576 842120
225632 216
359478 57043
822760 618497
255 936392
1856 793042
25124 998891
493773 888
988848 35954
598929 556661
252 765029
6880 757036
77038 499531
136895 884
545433 67719
313765 669770
682 682923
1652 187103
1460 18086
8650 375
299210 68381
680926 868844
527 446239
4567 967530
72171 657127
303843 642
775510 75187
643110 812997
170 98482
7454 313488
55257 638197
217626 422
171144 40043
958219 665365
719 627850
8679 500348
54769 429717
982331 283
255003 49886
122355 862634
562 70488
5747 568623
97484 919774
839405 296
375469 92174
31804 884966
678 282686
8859 819327
99776 182214
618136 936
455183 89727
843363 357683
609 751283
3559 200001
38274 264622
182943 414
804037 68076
662039 539039
595 147813
2319 789266
89386 413409
535935 61
201911 89819
566686 401423
205 251433
2602 978046
87749 511712
596106 750
762346 33921
608674 134273
357 103480
8695 592257
10535 286033
648665 469
365295 90006
962164 182254
174 192710
6789 703161
45505 547389
750391 397
432519 25047
526756 911978
436 812082
1515 818065
73950 185704
645513 742
856235 22657
255313 913567
6 849527
8765 123337
82508 770939
177629 27
336863 45091
368417 800388
318 699690
8954 845637
93501 30481
12726 896
117500 63184
466029 646621
4 899300
5605 507286
87277 562800
133948 885
745610 88357
502525 809555
185 558404
9972 273065
16562 651159
611681 676
843096 30796
924939 69196
894 771797
2557 60086
5388 121471
15038 247
838975 79489